1.590000 0.000000 1.590000
1.590000 0.000000 4.770000
1.590000 0.000000 7.950000
1.590000 0.000000 11.130000
1.590000 0.000000 14.310000
1.590000 0.000000 17.490000
1.590000 0.000000 20.670000
1.590000 3.180000 1.590000
1.590000 3.180000 4.770000
1.590000 3.180000 7.950000
1.590000 3.180000 11.130000
1.590000 3.180000 14.310000
1.590000 3.180000 17.490000
1.590000 3.180000 20.670000
1.590000 6.360000 1.590000
1.590000 6.360000 4.770000
1.590000 6.360000 7.950000
1.590000 6.360000 11.130000
1.590000 6.360000 14.310000
1.590000 6.360000 17.490000
1.590000 6.360000 20.670000
1.590000 9.540000 1.590000
1.590000 9.540000 4.770000
1.590000 9.540000 7.950000
1.590000 9.540000 11.130000
1.590000 9.540000 14.310000
1.590000 9.540000 17.490000
1.590000 9.540000 20.670000
1.590000 12.720000 1.590000
1.590000 12.720000 4.770000
1.590000 12.720000 7.950000
1.590000 12.720000 11.130000
1.590000 12.720000 14.310000
1.590000 12.720000 17.490000
1.590000 12.720000 20.670000
1.590000 15.900000 1.590000
1.590000 15.900000 4.770000
1.590000 15.900000 7.950000
1.590000 15.900000 11.130000
1.590000 15.900000 14.310000
1.590000 15.900000 17.490000
1.590000 15.900000 20.670000
1.590000 19.080000 1.590000
1.590000 19.080000 4.770000
1.590000 19.080000 7.950000
1.590000 19.080000 11.130000
1.590000 19.080000 14.310000
1.590000 19.080000 17.490000
1.590000 19.080000 20.670000
1.590000 22.260000 1.590000
1.590000 22.260000 4.770000
1.590000 22.260000 7.950000
1.590000 22.260000 11.130000
1.590000 22.260000 14.310000
1.590000 22.260000 17.490000
1.590000 22.260000 20.670000
4.770000 0.000000 1.590000
4.770000 0.000000 4.770000
4.770000 0.000000 7.950000
4.770000 0.000000 11.130000
4.770000 0.000000 14.310000
4.770000 0.000000 17.490000
4.770000 0.000000 20.670000
4.770000 3.180000 1.590000
4.770000 3.180000 4.770000
4.770000 3.180000 7.950000
4.770000 3.180000 11.130000
4.770000 3.180000 14.310000
4.770000 3.180000 17.490000
4.770000 3.180000 20.670000
4.770000 6.360000 1.590000
4.770000 6.360000 4.770000
4.770000 6.360000 7.950000
4.770000 6.360000 11.130000
4.770000 6.360000 14.310000
4.770000 6.360000 17.490000
4.770000 6.360000 20.670000
4.770000 9.540000 1.590000
4.770000 9.540000 4.770000
4.770000 9.540000 7.950000
4.770000 9.540000 11.130000
4.770000 9.540000 14.310000
4.770000 9.540000 17.490000
4.770000 9.540000 20.670000
4.770000 12.720000 1.590000
4.770000 12.720000 4.770000
4.770000 12.720000 7.950000
4.770000 12.720000 11.130000
4.770000 12.720000 14.310000
4.770000 12.720000 17.490000
4.770000 12.720000 20.670000
4.770000 15.900000 1.590000
4.770000 15.900000 4.770000
4.770000 15.900000 7.950000
4.770000 15.900000 11.130000
4.770000 15.900000 14.310000
4.770000 15.900000 17.490000
4.770000 15.900000 20.670000
4.770000 19.080000 1.590000
4.770000 19.080000 4.770000
4.770000 19.080000 7.950000
4.770000 19.080000 11.130000
4.770000 19.080000 14.310000
4.770000 19.080000 17.490000
4.770000 19.080000 20.670000
4.770000 22.260000 1.590000
4.770000 22.260000 4.770000
4.770000 22.260000 7.950000
4.770000 22.260000 11.130000
4.770000 22.260000 14.310000
4.770000 22.260000 17.490000
4.770000 22.260000 20.670000
7.950000 0.000000 1.590000
7.950000 0.000000 4.770000
7.950000 0.000000 7.950000
7.950000 0.000000 11.130000
7.950000 0.000000 14.310000
7.950000 0.000000 17.490000
7.950000 0.000000 20.670000
7.950000 3.180000 1.590000
7.950000 3.180000 4.770000
7.950000 3.180000 7.950000
7.950000 3.180000 11.130000
7.950000 3.180000 14.310000
7.950000 3.180000 17.490000
7.950000 3.180000 20.670000
7.950000 6.360000 1.590000
7.950000 6.360000 4.770000
7.950000 6.360000 7.950000
7.950000 6.360000 11.130000
7.950000 6.360000 14.310000
7.950000 6.360000 17.490000
7.950000 6.360000 20.670000
7.950000 9.540000 1.590000
7.950000 9.540000 4.770000
7.950000 9.540000 7.950000
7.950000 9.540000 11.130000
7.950000 9.540000 14.310000
7.950000 9.540000 17.490000
7.950000 9.540000 20.670000
7.950000 12.720000 1.590000
7.950000 12.720000 4.770000
7.950000 12.720000 7.950000
7.950000 12.720000 11.130000
7.950000 12.720000 14.310000
7.950000 12.720000 17.490000
7.950000 12.720000 20.670000
7.950000 15.900000 1.590000
7.950000 15.900000 4.770000
7.950000 15.900000 7.950000
7.950000 15.900000 11.130000
7.950000 15.900000 14.310000
7.950000 15.900000 17.490000
7.950000 15.900000 20.670000
7.950000 19.080000 1.590000
7.950000 19.080000 4.770000
7.950000 19.080000 7.950000
7.950000 19.080000 11.130000
7.950000 19.080000 14.310000
7.950000 19.080000 17.490000
7.950000 19.080000 20.670000
7.950000 22.260000 1.590000
7.950000 22.260000 4.770000
7.950000 22.260000 7.950000
7.950000 22.260000 11.130000
7.950000 22.260000 14.310000
7.950000 22.260000 17.490000
7.950000 22.260000 20.670000
11.130000 0.000000 1.590000
11.130000 0.000000 4.770000
11.130000 0.000000 7.950000
11.130000 0.000000 11.130000
11.130000 0.000000 14.310000
11.130000 0.000000 17.490000
11.130000 0.000000 20.670000
11.130000 3.180000 1.590000
11.130000 3.180000 4.770000
11.130000 3.180000 7.950000
11.130000 3.180000 11.130000
11.130000 3.180000 14.310000
11.130000 3.180000 17.490000
11.130000 3.180000 20.670000
11.130000 6.360000 1.590000
11.130000 6.360000 4.770000
11.130000 6.360000 7.950000
11.130000 6.360000 11.130000
11.130000 6.360000 14.310000
11.130000 6.360000 17.490000
11.130000 6.360000 20.670000
11.130000 9.540000 1.590000
11.130000 9.540000 4.770000
11.130000 9.540000 7.950000
11.130000 9.540000 11.130000
11.130000 9.540000 14.310000
11.130000 9.540000 17.490000
11.130000 9.540000 20.670000
11.130000 12.720000 1.590000
11.130000 12.720000 4.770000
11.130000 12.720000 7.950000
11.130000 12.720000 11.130000
11.130000 12.720000 14.310000
11.130000 12.720000 17.490000
11.130000 12.720000 20.670000
11.130000 15.900000 1.590000
11.130000 15.900000 4.770000
11.130000 15.900000 7.950000
11.130000 15.900000 11.130000
11.130000 15.900000 14.310000
11.130000 15.900000 17.490000
11.130000 15.900000 20.670000
11.130000 19.080000 1.590000
11.130000 19.080000 4.770000
11.130000 19.080000 7.950000
11.130000 19.080000 11.130000
11.130000 19.080000 14.310000
11.130000 19.080000 17.490000
11.130000 19.080000 20.670000
11.130000 22.260000 1.590000
11.130000 22.260000 4.770000
11.130000 22.260000 7.950000
11.130000 22.260000 11.130000
11.130000 22.260000 14.310000
11.130000 22.260000 17.490000
11.130000 22.260000 20.670000
14.310000 0.000000 1.590000
14.310000 0.000000 4.770000
14.310000 0.000000 7.950000
14.310000 0.000000 11.130000
14.310000 0.000000 14.310000
14.310000 0.000000 17.490000
14.310000 0.000000 20.670000
14.310000 3.180000 1.590000
14.310000 3.180000 4.770000
14.310000 3.180000 7.950000
14.310000 3.180000 11.130000
14.310000 3.180000 14.310000
14.310000 3.180000 17.490000
14.310000 3.180000 20.670000
14.310000 6.360000 1.590000
14.310000 6.360000 4.770000
14.310000 6.360000 7.950000
14.310000 6.360000 11.130000
14.310000 6.360000 14.310000
14.310000 6.360000 17.490000
14.310000 6.360000 20.670000
14.310000 9.540000 1.590000
14.310000 9.540000 4.770000
14.310000 9.540000 7.950000
14.310000 9.540000 11.130000
14.310000 9.540000 14.310000
14.310000 9.540000 17.490000
14.310000 9.540000 20.670000
14.310000 12.720000 1.590000
14.310000 12.720000 4.770000
14.310000 12.720000 7.950000
14.310000 12.720000 11.130000
14.310000 12.720000 14.310000
14.310000 12.720000 17.490000
14.310000 12.720000 20.670000
14.310000 15.900000 1.590000
14.310000 15.900000 4.770000
14.310000 15.900000 7.950000
14.310000 15.900000 11.130000
14.310000 15.900000 14.310000
14.310000 15.900000 17.490000
14.310000 15.900000 20.670000
14.310000 19.080000 1.590000
14.310000 19.080000 4.770000
14.310000 19.080000 7.950000
14.310000 19.080000 11.130000
14.310000 19.080000 14.310000
14.310000 19.080000 17.490000
14.310000 19.080000 20.670000
14.310000 22.260000 1.590000
14.310000 22.260000 4.770000
14.310000 22.260000 7.950000
14.310000 22.260000 11.130000
14.310000 22.260000 14.310000
14.310000 22.260000 17.490000
14.310000 22.260000 20.670000
17.490000 0.000000 1.590000
17.490000 0.000000 4.770000
17.490000 0.000000 7.950000
17.490000 0.000000 11.130000
17.490000 0.000000 14.310000
17.490000 0.000000 17.490000
17.490000 0.000000 20.670000
17.490000 3.180000 1.590000
17.490000 3.180000 4.770000
17.490000 3.180000 7.950000
17.490000 3.180000 11.130000
17.490000 3.180000 14.310000
17.490000 3.180000 17.490000
17.490000 3.180000 20.670000
17.490000 6.360000 1.590000
17.490000 6.360000 4.770000
17.490000 6.360000 7.950000
17.490000 6.360000 11.130000
17.490000 6.360000 14.310000
17.490000 6.360000 17.490000
17.490000 6.360000 20.670000
17.490000 9.540000 1.590000
17.490000 9.540000 4.770000
17.490000 9.540000 7.950000
17.490000 9.540000 11.130000
17.490000 9.540000 14.310000
17.490000 9.540000 17.490000
17.490000 9.540000 20.670000
17.490000 12.720000 1.590000
17.490000 12.720000 4.770000
17.490000 12.720000 7.950000
17.490000 12.720000 11.130000
17.490000 12.720000 14.310000
17.490000 12.720000 17.490000
17.490000 12.720000 20.670000
17.490000 15.900000 1.590000
17.490000 15.900000 4.770000
17.490000 15.900000 7.950000
17.490000 15.900000 11.130000
17.490000 15.900000 14.310000
17.490000 15.900000 17.490000
17.490000 15.900000 20.670000
17.490000 19.080000 1.590000
17.490000 19.080000 4.770000
17.490000 19.080000 7.950000
17.490000 19.080000 11.130000
17.490000 19.080000 14.310000
17.490000 19.080000 17.490000
17.490000 19.080000 20.670000
17.490000 22.260000 1.590000
17.490000 22.260000 4.770000
17.490000 22.260000 7.950000
17.490000 22.260000 11.130000
17.490000 22.260000 14.310000
17.490000 22.260000 17.490000
17.490000 22.260000 20.670000
20.670000 0.000000 1.590000
20.670000 0.000000 4.770000
20.670000 0.000000 7.950000
20.670000 0.000000 11.130000
20.670000 0.000000 14.310000
20.670000 0.000000 17.490000
20.670000 0.000000 20.670000
20.670000 3.180000 1.590000
20.670000 3.180000 4.770000
20.670000 3.180000 7.950000
20.670000 3.180000 11.130000
20.670000 3.180000 14.310000
20.670000 3.180000 17.490000
20.670000 3.180000 20.670000
20.670000 6.360000 1.590000
20.670000 6.360000 4.770000
20.670000 6.360000 7.950000
20.670000 6.360000 11.130000
20.670000 6.360000 14.310000
20.670000 6.360000 17.490000
20.670000 6.360000 20.670000
20.670000 9.540000 1.590000
20.670000 9.540000 4.770000
20.670000 9.540000 7.950000
20.670000 9.540000 11.130000
20.670000 9.540000 14.310000
20.670000 9.540000 17.490000
20.670000 9.540000 20.670000
20.670000 12.720000 1.590000
20.670000 12.720000 4.770000
20.670000 12.720000 7.950000
20.670000 12.720000 11.130000
20.670000 12.720000 14.310000
20.670000 12.720000 17.490000
20.670000 12.720000 20.670000
20.670000 15.900000 1.590000
20.670000 15.900000 4.770000
20.670000 15.900000 7.950000
20.670000 15.900000 11.130000
20.670000 15.900000 14.310000
20.670000 15.900000 17.490000
20.670000 15.900000 20.670000
20.670000 19.080000 1.590000
20.670000 19.080000 4.770000
20.670000 19.080000 7.950000
20.670000 19.080000 11.130000
20.670000 19.080000 14.310000
20.670000 19.080000 17.490000
20.670000 19.080000 20.670000
20.670000 22.260000 1.590000
20.670000 22.260000 4.770000
20.670000 22.260000 7.950000
20.670000 22.260000 11.130000
20.670000 22.260000 14.310000
20.670000 22.260000 17.490000
20.670000 22.260000 20.670000
1.590000 1.590000 0.000000
1.590000 1.590000 3.180000
1.590000 1.590000 6.360000
1.590000 1.590000 9.540000
1.590000 1.590000 12.720000
1.590000 1.590000 15.900000
1.590000 1.590000 19.080000
1.590000 1.590000 22.260000
1.590000 4.770000 0.000000
1.590000 4.770000 3.180000
1.590000 4.770000 6.360000
1.590000 4.770000 9.540000
1.590000 4.770000 12.720000
1.590000 4.770000 15.900000
1.590000 4.770000 19.080000
1.590000 4.770000 22.260000
1.590000 7.950000 0.000000
1.590000 7.950000 3.180000
1.590000 7.950000 6.360000
1.590000 7.950000 9.540000
1.590000 7.950000 12.720000
1.590000 7.950000 15.900000
1.590000 7.950000 19.080000
1.590000 7.950000 22.260000
1.590000 11.130000 0.000000
1.590000 11.130000 3.180000
1.590000 11.130000 6.360000
1.590000 11.130000 9.540000
1.590000 11.130000 12.720000
1.590000 11.130000 15.900000
1.590000 11.130000 19.080000
1.590000 11.130000 22.260000
1.590000 14.310000 0.000000
1.590000 14.310000 3.180000
1.590000 14.310000 6.360000
1.590000 14.310000 9.540000
1.590000 14.310000 12.720000
1.590000 14.310000 15.900000
1.590000 14.310000 19.080000
1.590000 14.310000 22.260000
1.590000 17.490000 0.000000
1.590000 17.490000 3.180000
1.590000 17.490000 6.360000
1.590000 17.490000 9.540000
1.590000 17.490000 12.720000
1.590000 17.490000 15.900000
1.590000 17.490000 19.080000
1.590000 17.490000 22.260000
1.590000 20.670000 0.000000
1.590000 20.670000 3.180000
1.590000 20.670000 6.360000
1.590000 20.670000 9.540000
1.590000 20.670000 12.720000
1.590000 20.670000 15.900000
1.590000 20.670000 19.080000
1.590000 20.670000 22.260000
4.770000 1.590000 0.000000
4.770000 1.590000 3.180000
4.770000 1.590000 6.360000
4.770000 1.590000 9.540000
4.770000 1.590000 12.720000
4.770000 1.590000 15.900000
4.770000 1.590000 19.080000
4.770000 1.590000 22.260000
4.770000 4.770000 0.000000
4.770000 4.770000 3.180000
4.770000 4.770000 6.360000
4.770000 4.770000 9.540000
4.770000 4.770000 12.720000
4.770000 4.770000 15.900000
4.770000 4.770000 19.080000
4.770000 4.770000 22.260000
4.770000 7.950000 0.000000
4.770000 7.950000 3.180000
4.770000 7.950000 6.360000
4.770000 7.950000 9.540000
4.770000 7.950000 12.720000
4.770000 7.950000 15.900000
4.770000 7.950000 19.080000
4.770000 7.950000 22.260000
4.770000 11.130000 0.000000
4.770000 11.130000 3.180000
4.770000 11.130000 6.360000
4.770000 11.130000 9.540000
4.770000 11.130000 12.720000
4.770000 11.130000 15.900000
4.770000 11.130000 19.080000
4.770000 11.130000 22.260000
4.770000 14.310000 0.000000
4.770000 14.310000 3.180000
4.770000 14.310000 6.360000
4.770000 14.310000 9.540000
4.770000 14.310000 12.720000
4.770000 14.310000 15.900000
4.770000 14.310000 19.080000
4.770000 14.310000 22.260000
4.770000 17.490000 0.000000
4.770000 17.490000 3.180000
4.770000 17.490000 6.360000
4.770000 17.490000 9.540000
4.770000 17.490000 12.720000
4.770000 17.490000 15.900000
4.770000 17.490000 19.080000
4.770000 17.490000 22.260000
4.770000 20.670000 0.000000
4.770000 20.670000 3.180000
4.770000 20.670000 6.360000
4.770000 20.670000 9.540000
4.770000 20.670000 12.720000
4.770000 20.670000 15.900000
4.770000 20.670000 19.080000
4.770000 20.670000 22.260000
7.950000 1.590000 0.000000
7.950000 1.590000 3.180000
7.950000 1.590000 6.360000
7.950000 1.590000 9.540000
7.950000 1.590000 12.720000
7.950000 1.590000 15.900000
7.950000 1.590000 19.080000
7.950000 1.590000 22.260000
7.950000 4.770000 0.000000
7.950000 4.770000 3.180000
7.950000 4.770000 6.360000
7.950000 4.770000 9.540000
7.950000 4.770000 12.720000
7.950000 4.770000 15.900000
7.950000 4.770000 19.080000
7.950000 4.770000 22.260000
7.950000 7.950000 0.000000
7.950000 7.950000 3.180000
7.950000 7.950000 6.360000
7.950000 7.950000 9.540000
7.950000 7.950000 12.720000
7.950000 7.950000 15.900000
7.950000 7.950000 19.080000
7.950000 7.950000 22.260000
7.950000 11.130000 0.000000
7.950000 11.130000 3.180000
7.950000 11.130000 6.360000
7.950000 11.130000 9.540000
7.950000 11.130000 12.720000
7.950000 11.130000 15.900000
7.950000 11.130000 19.080000
7.950000 11.130000 22.260000
7.950000 14.310000 0.000000
7.950000 14.310000 3.180000
7.950000 14.310000 6.360000
7.950000 14.310000 9.540000
7.950000 14.310000 12.720000
7.950000 14.310000 15.900000
7.950000 14.310000 19.080000
7.950000 14.310000 22.260000
7.950000 17.490000 0.000000
7.950000 17.490000 3.180000
7.950000 17.490000 6.360000
7.950000 17.490000 9.540000
7.950000 17.490000 12.720000
7.950000 17.490000 15.900000
7.950000 17.490000 19.080000
7.950000 17.490000 22.260000
7.950000 20.670000 0.000000
7.950000 20.670000 3.180000
7.950000 20.670000 6.360000
7.950000 20.670000 9.540000
7.950000 20.670000 12.720000
7.950000 20.670000 15.900000
7.950000 20.670000 19.080000
7.950000 20.670000 22.260000
11.130000 1.590000 0.000000
11.130000 1.590000 3.180000
11.130000 1.590000 6.360000
11.130000 1.590000 9.540000
11.130000 1.590000 12.720000
11.130000 1.590000 15.900000
11.130000 1.590000 19.080000
11.130000 1.590000 22.260000
11.130000 4.770000 0.000000
11.130000 4.770000 3.180000
11.130000 4.770000 6.360000
11.130000 4.770000 9.540000
11.130000 4.770000 12.720000
11.130000 4.770000 15.900000
11.130000 4.770000 19.080000
11.130000 4.770000 22.260000
11.130000 7.950000 0.000000
11.130000 7.950000 3.180000
11.130000 7.950000 6.360000
11.130000 7.950000 9.540000
11.130000 7.950000 12.720000
11.130000 7.950000 15.900000
11.130000 7.950000 19.080000
11.130000 7.950000 22.260000
11.130000 11.130000 0.000000
11.130000 11.130000 3.180000
11.130000 11.130000 6.360000
11.130000 11.130000 9.540000
11.130000 11.130000 12.720000
11.130000 11.130000 15.900000
11.130000 11.130000 19.080000
11.130000 11.130000 22.260000
11.130000 14.310000 0.000000
11.130000 14.310000 3.180000
11.130000 14.310000 6.360000
11.130000 14.310000 9.540000
11.130000 14.310000 12.720000
11.130000 14.310000 15.900000
11.130000 14.310000 19.080000
11.130000 14.310000 22.260000
11.130000 17.490000 0.000000
11.130000 17.490000 3.180000
11.130000 17.490000 6.360000
11.130000 17.490000 9.540000
11.130000 17.490000 12.720000
11.130000 17.490000 15.900000
11.130000 17.490000 19.080000
11.130000 17.490000 22.260000
11.130000 20.670000 0.000000
11.130000 20.670000 3.180000
11.130000 20.670000 6.360000
11.130000 20.670000 9.540000
11.130000 20.670000 12.720000
11.130000 20.670000 15.900000
11.130000 20.670000 19.080000
11.130000 20.670000 22.260000
14.310000 1.590000 0.000000
14.310000 1.590000 3.180000
14.310000 1.590000 6.360000
14.310000 1.590000 9.540000
14.310000 1.590000 12.720000
14.310000 1.590000 15.900000
14.310000 1.590000 19.080000
14.310000 1.590000 22.260000
14.310000 4.770000 0.000000
14.310000 4.770000 3.180000
14.310000 4.770000 6.360000
14.310000 4.770000 9.540000
14.310000 4.770000 12.720000
14.310000 4.770000 15.900000
14.310000 4.770000 19.080000
14.310000 4.770000 22.260000
14.310000 7.950000 0.000000
14.310000 7.950000 3.180000
14.310000 7.950000 6.360000
14.310000 7.950000 9.540000
14.310000 7.950000 12.720000
14.310000 7.950000 15.900000
14.310000 7.950000 19.080000
14.310000 7.950000 22.260000
14.310000 11.130000 0.000000
14.310000 11.130000 3.180000
14.310000 11.130000 6.360000
14.310000 11.130000 9.540000
14.310000 11.130000 12.720000
14.310000 11.130000 15.900000
14.310000 11.130000 19.080000
14.310000 11.130000 22.260000
14.310000 14.310000 0.000000
14.310000 14.310000 3.180000
14.310000 14.310000 6.360000
14.310000 14.310000 9.540000
14.310000 14.310000 12.720000
14.310000 14.310000 15.900000
14.310000 14.310000 19.080000
14.310000 14.310000 22.260000
14.310000 17.490000 0.000000
14.310000 17.490000 3.180000
14.310000 17.490000 6.360000
14.310000 17.490000 9.540000
14.310000 17.490000 12.720000
14.310000 17.490000 15.900000
14.310000 17.490000 19.080000
14.310000 17.490000 22.260000
14.310000 20.670000 0.000000
14.310000 20.670000 3.180000
14.310000 20.670000 6.360000
14.310000 20.670000 9.540000
14.310000 20.670000 12.720000
14.310000 20.670000 15.900000
14.310000 20.670000 19.080000
14.310000 20.670000 22.260000
17.490000 1.590000 0.000000
17.490000 1.590000 3.180000
17.490000 1.590000 6.360000
17.490000 1.590000 9.540000
17.490000 1.590000 12.720000
17.490000 1.590000 15.900000
17.490000 1.590000 19.080000
17.490000 1.590000 22.260000
17.490000 4.770000 0.000000
17.490000 4.770000 3.180000
17.490000 4.770000 6.360000
17.490000 4.770000 9.540000
17.490000 4.770000 12.720000
17.490000 4.770000 15.900000
17.490000 4.770000 19.080000
17.490000 4.770000 22.260000
17.490000 7.950000 0.000000
17.490000 7.950000 3.180000
17.490000 7.950000 6.360000
17.490000 7.950000 9.540000
17.490000 7.950000 12.720000
17.490000 7.950000 15.900000
17.490000 7.950000 19.080000
17.490000 7.950000 22.260000
17.490000 11.130000 0.000000
17.490000 11.130000 3.180000
17.490000 11.130000 6.360000
17.490000 11.130000 9.540000
17.490000 11.130000 12.720000
17.490000 11.130000 15.900000
17.490000 11.130000 19.080000
17.490000 11.130000 22.260000
17.490000 14.310000 0.000000
17.490000 14.310000 3.180000
17.490000 14.310000 6.360000
17.490000 14.310000 9.540000
17.490000 14.310000 12.720000
17.490000 14.310000 15.900000
17.490000 14.310000 19.080000
17.490000 14.310000 22.260000
17.490000 17.490000 0.000000
17.490000 17.490000 3.180000
17.490000 17.490000 6.360000
17.490000 17.490000 9.540000
17.490000 17.490000 12.720000
17.490000 17.490000 15.900000
17.490000 17.490000 19.080000
17.490000 17.490000 22.260000
17.490000 20.670000 0.000000
17.490000 20.670000 3.180000
17.490000 20.670000 6.360000
17.490000 20.670000 9.540000
17.490000 20.670000 12.720000
17.490000 20.670000 15.900000
17.490000 20.670000 19.080000
17.490000 20.670000 22.260000
20.670000 1.590000 0.000000
20.670000 1.590000 3.180000
20.670000 1.590000 6.360000
20.670000 1.590000 9.540000
20.670000 1.590000 12.720000
20.670000 1.590000 15.900000
20.670000 1.590000 19.080000
20.670000 1.590000 22.260000
20.670000 4.770000 0.000000
20.670000 4.770000 3.180000
20.670000 4.770000 6.360000
20.670000 4.770000 9.540000
20.670000 4.770000 12.720000
20.670000 4.770000 15.900000
20.670000 4.770000 19.080000
20.670000 4.770000 22.260000
20.670000 7.950000 0.000000
20.670000 7.950000 3.180000
20.670000 7.950000 6.360000
20.670000 7.950000 9.540000
20.670000 7.950000 12.720000
20.670000 7.950000 15.900000
20.670000 7.950000 19.080000
20.670000 7.950000 22.260000
20.670000 11.130000 0.000000
20.670000 11.130000 3.180000
20.670000 11.130000 6.360000
20.670000 11.130000 9.540000
20.670000 11.130000 12.720000
20.670000 11.130000 15.900000
20.670000 11.130000 19.080000
20.670000 11.130000 22.260000
20.670000 14.310000 0.000000
20.670000 14.310000 3.180000
20.670000 14.310000 6.360000
20.670000 14.310000 9.540000
20.670000 14.310000 12.720000
20.670000 14.310000 15.900000
20.670000 14.310000 19.080000
20.670000 14.310000 22.260000
20.670000 17.490000 0.000000
20.670000 17.490000 3.180000
20.670000 17.490000 6.360000
20.670000 17.490000 9.540000
20.670000 17.490000 12.720000
20.670000 17.490000 15.900000
20.670000 17.490000 19.080000
20.670000 17.490000 22.260000
20.670000 20.670000 0.000000
20.670000 20.670000 3.180000
20.670000 20.670000 6.360000
20.670000 20.670000 9.540000
20.670000 20.670000 12.720000
20.670000 20.670000 15.900000
20.670000 20.670000 19.080000
20.670000 20.670000 22.260000
0.000000 1.590000 1.590000
0.000000 1.590000 4.770000
0.000000 1.590000 7.950000
0.000000 1.590000 11.130000
0.000000 1.590000 14.310000
0.000000 1.590000 17.490000
0.000000 1.590000 20.670000
0.000000 4.770000 1.590000
0.000000 4.770000 4.770000
0.000000 4.770000 7.950000
0.000000 4.770000 11.130000
0.000000 4.770000 14.310000
0.000000 4.770000 17.490000
0.000000 4.770000 20.670000
0.000000 7.950000 1.590000
0.000000 7.950000 4.770000
0.000000 7.950000 7.950000
0.000000 7.950000 11.130000
0.000000 7.950000 14.310000
0.000000 7.950000 17.490000
0.000000 7.950000 20.670000
0.000000 11.130000 1.590000
0.000000 11.130000 4.770000
0.000000 11.130000 7.950000
0.000000 11.130000 11.130000
0.000000 11.130000 14.310000
0.000000 11.130000 17.490000
0.000000 11.130000 20.670000
0.000000 14.310000 1.590000
0.000000 14.310000 4.770000
0.000000 14.310000 7.950000
0.000000 14.310000 11.130000
0.000000 14.310000 14.310000
0.000000 14.310000 17.490000
0.000000 14.310000 20.670000
0.000000 17.490000 1.590000
0.000000 17.490000 4.770000
0.000000 17.490000 7.950000
0.000000 17.490000 11.130000
0.000000 17.490000 14.310000
0.000000 17.490000 17.490000
0.000000 17.490000 20.670000
0.000000 20.670000 1.590000
0.000000 20.670000 4.770000
0.000000 20.670000 7.950000
0.000000 20.670000 11.130000
0.000000 20.670000 14.310000
0.000000 20.670000 17.490000
0.000000 20.670000 20.670000
3.180000 1.590000 1.590000
3.180000 1.590000 4.770000
3.180000 1.590000 7.950000
3.180000 1.590000 11.130000
3.180000 1.590000 14.310000
3.180000 1.590000 17.490000
3.180000 1.590000 20.670000
3.180000 4.770000 1.590000
3.180000 4.770000 4.770000
3.180000 4.770000 7.950000
3.180000 4.770000 11.130000
3.180000 4.770000 14.310000
3.180000 4.770000 17.490000
3.180000 4.770000 20.670000
3.180000 7.950000 1.590000
3.180000 7.950000 4.770000
3.180000 7.950000 7.950000
3.180000 7.950000 11.130000
3.180000 7.950000 14.310000
3.180000 7.950000 17.490000
3.180000 7.950000 20.670000
3.180000 11.130000 1.590000
3.180000 11.130000 4.770000
3.180000 11.130000 7.950000
3.180000 11.130000 11.130000
3.180000 11.130000 14.310000
3.180000 11.130000 17.490000
3.180000 11.130000 20.670000
3.180000 14.310000 1.590000
3.180000 14.310000 4.770000
3.180000 14.310000 7.950000
3.180000 14.310000 11.130000
3.180000 14.310000 14.310000
3.180000 14.310000 17.490000
3.180000 14.310000 20.670000
3.180000 17.490000 1.590000
3.180000 17.490000 4.770000
3.180000 17.490000 7.950000
3.180000 17.490000 11.130000
3.180000 17.490000 14.310000
3.180000 17.490000 17.490000
3.180000 17.490000 20.670000
3.180000 20.670000 1.590000
3.180000 20.670000 4.770000
3.180000 20.670000 7.950000
3.180000 20.670000 11.130000
3.180000 20.670000 14.310000
3.180000 20.670000 17.490000
3.180000 20.670000 20.670000
6.360000 1.590000 1.590000
6.360000 1.590000 4.770000
6.360000 1.590000 7.950000
6.360000 1.590000 11.130000
6.360000 1.590000 14.310000
6.360000 1.590000 17.490000
6.360000 1.590000 20.670000
6.360000 4.770000 1.590000
6.360000 4.770000 4.770000
6.360000 4.770000 7.950000
6.360000 4.770000 11.130000
6.360000 4.770000 14.310000
6.360000 4.770000 17.490000
6.360000 4.770000 20.670000
6.360000 7.950000 1.590000
6.360000 7.950000 4.770000
6.360000 7.950000 7.950000
6.360000 7.950000 11.130000
6.360000 7.950000 14.310000
6.360000 7.950000 17.490000
6.360000 7.950000 20.670000
6.360000 11.130000 1.590000
6.360000 11.130000 4.770000
6.360000 11.130000 7.950000
6.360000 11.130000 11.130000
6.360000 11.130000 14.310000
6.360000 11.130000 17.490000
6.360000 11.130000 20.670000
6.360000 14.310000 1.590000
6.360000 14.310000 4.770000
6.360000 14.310000 7.950000
6.360000 14.310000 11.130000
6.360000 14.310000 14.310000
6.360000 14.310000 17.490000
6.360000 14.310000 20.670000
6.360000 17.490000 1.590000
6.360000 17.490000 4.770000
6.360000 17.490000 7.950000
6.360000 17.490000 11.130000
6.360000 17.490000 14.310000
6.360000 17.490000 17.490000
6.360000 17.490000 20.670000
6.360000 20.670000 1.590000
6.360000 20.670000 4.770000
6.360000 20.670000 7.950000
6.360000 20.670000 11.130000
6.360000 20.670000 14.310000
6.360000 20.670000 17.490000
6.360000 20.670000 20.670000
9.540000 1.590000 1.590000
9.540000 1.590000 4.770000
9.540000 1.590000 7.950000
9.540000 1.590000 11.130000
9.540000 1.590000 14.310000
9.540000 1.590000 17.490000
9.540000 1.590000 20.670000
9.540000 4.770000 1.590000
9.540000 4.770000 4.770000
9.540000 4.770000 7.950000
9.540000 4.770000 11.130000
9.540000 4.770000 14.310000
9.540000 4.770000 17.490000
9.540000 4.770000 20.670000
9.540000 7.950000 1.590000
9.540000 7.950000 4.770000
9.540000 7.950000 7.950000
9.540000 7.950000 11.130000
9.540000 7.950000 14.310000
9.540000 7.950000 17.490000
9.540000 7.950000 20.670000
9.540000 11.130000 1.590000
9.540000 11.130000 4.770000
9.540000 11.130000 7.950000
9.540000 11.130000 11.130000
9.540000 11.130000 14.310000
9.540000 11.130000 17.490000
9.540000 11.130000 20.670000
9.540000 14.310000 1.590000
9.540000 14.310000 4.770000
9.540000 14.310000 7.950000
9.540000 14.310000 11.130000
9.540000 14.310000 14.310000
9.540000 14.310000 17.490000
9.540000 14.310000 20.670000
9.540000 17.490000 1.590000
9.540000 17.490000 4.770000
9.540000 17.490000 7.950000
9.540000 17.490000 11.130000
9.540000 17.490000 14.310000
9.540000 17.490000 17.490000
9.540000 17.490000 20.670000
9.540000 20.670000 1.590000
9.540000 20.670000 4.770000
9.540000 20.670000 7.950000
9.540000 20.670000 11.130000
9.540000 20.670000 14.310000
9.540000 20.670000 17.490000
9.540000 20.670000 20.670000
12.720000 1.590000 1.590000
12.720000 1.590000 4.770000
12.720000 1.590000 7.950000
12.720000 1.590000 11.130000
12.720000 1.590000 14.310000
12.720000 1.590000 17.490000
12.720000 1.590000 20.670000
12.720000 4.770000 1.590000
12.720000 4.770000 4.770000
12.720000 4.770000 7.950000
12.720000 4.770000 11.130000
12.720000 4.770000 14.310000
12.720000 4.770000 17.490000
12.720000 4.770000 20.670000
12.720000 7.950000 1.590000
12.720000 7.950000 4.770000
12.720000 7.950000 7.950000
12.720000 7.950000 11.130000
12.720000 7.950000 14.310000
12.720000 7.950000 17.490000
