1.605100 0.000000 1.605100
1.605100 0.000000 4.815300
1.605100 0.000000 8.025500
1.605100 0.000000 11.235700
1.605100 0.000000 14.445900
1.605100 0.000000 17.656100
1.605100 0.000000 20.866300
1.605100 3.210200 1.605100
1.605100 3.210200 4.815300
1.605100 3.210200 8.025500
1.605100 3.210200 11.235700
1.605100 3.210200 14.445900
1.605100 3.210200 17.656100
1.605100 3.210200 20.866300
1.605100 6.420400 1.605100
1.605100 6.420400 4.815300
1.605100 6.420400 8.025500
1.605100 6.420400 11.235700
1.605100 6.420400 14.445900
1.605100 6.420400 17.656100
1.605100 6.420400 20.866300
1.605100 9.630600 1.605100
1.605100 9.630600 4.815300
1.605100 9.630600 8.025500
1.605100 9.630600 11.235700
1.605100 9.630600 14.445900
1.605100 9.630600 17.656100
1.605100 9.630600 20.866300
1.605100 12.840800 1.605100
1.605100 12.840800 4.815300
1.605100 12.840800 8.025500
1.605100 12.840800 11.235700
1.605100 12.840800 14.445900
1.605100 12.840800 17.656100
1.605100 12.840800 20.866300
1.605100 16.051000 1.605100
1.605100 16.051000 4.815300
1.605100 16.051000 8.025500
1.605100 16.051000 11.235700
1.605100 16.051000 14.445900
1.605100 16.051000 17.656100
1.605100 16.051000 20.866300
1.605100 19.261200 1.605100
1.605100 19.261200 4.815300
1.605100 19.261200 8.025500
1.605100 19.261200 11.235700
1.605100 19.261200 14.445900
1.605100 19.261200 17.656100
1.605100 19.261200 20.866300
1.605100 22.471400 1.605100
1.605100 22.471400 4.815300
1.605100 22.471400 8.025500
1.605100 22.471400 11.235700
1.605100 22.471400 14.445900
1.605100 22.471400 17.656100
1.605100 22.471400 20.866300
4.815300 0.000000 1.605100
4.815300 0.000000 4.815300
4.815300 0.000000 8.025500
4.815300 0.000000 11.235700
4.815300 0.000000 14.445900
4.815300 0.000000 17.656100
4.815300 0.000000 20.866300
4.815300 3.210200 1.605100
4.815300 3.210200 4.815300
4.815300 3.210200 8.025500
4.815300 3.210200 11.235700
4.815300 3.210200 14.445900
4.815300 3.210200 17.656100
4.815300 3.210200 20.866300
4.815300 6.420400 1.605100
4.815300 6.420400 4.815300
4.815300 6.420400 8.025500
4.815300 6.420400 11.235700
4.815300 6.420400 14.445900
4.815300 6.420400 17.656100
4.815300 6.420400 20.866300
4.815300 9.630600 1.605100
4.815300 9.630600 4.815300
4.815300 9.630600 8.025500
4.815300 9.630600 11.235700
4.815300 9.630600 14.445900
4.815300 9.630600 17.656100
4.815300 9.630600 20.866300
4.815300 12.840800 1.605100
4.815300 12.840800 4.815300
4.815300 12.840800 8.025500
4.815300 12.840800 11.235700
4.815300 12.840800 14.445900
4.815300 12.840800 17.656100
4.815300 12.840800 20.866300
4.815300 16.051000 1.605100
4.815300 16.051000 4.815300
4.815300 16.051000 8.025500
4.815300 16.051000 11.235700
4.815300 16.051000 14.445900
4.815300 16.051000 17.656100
4.815300 16.051000 20.866300
4.815300 19.261200 1.605100
4.815300 19.261200 4.815300
4.815300 19.261200 8.025500
4.815300 19.261200 11.235700
4.815300 19.261200 14.445900
4.815300 19.261200 17.656100
4.815300 19.261200 20.866300
4.815300 22.471400 1.605100
4.815300 22.471400 4.815300
4.815300 22.471400 8.025500
4.815300 22.471400 11.235700
4.815300 22.471400 14.445900
4.815300 22.471400 17.656100
4.815300 22.471400 20.866300
8.025500 0.000000 1.605100
8.025500 0.000000 4.815300
8.025500 0.000000 8.025500
8.025500 0.000000 11.235700
8.025500 0.000000 14.445900
8.025500 0.000000 17.656100
8.025500 0.000000 20.866300
8.025500 3.210200 1.605100
8.025500 3.210200 4.815300
8.025500 3.210200 8.025500
8.025500 3.210200 11.235700
8.025500 3.210200 14.445900
8.025500 3.210200 17.656100
8.025500 3.210200 20.866300
8.025500 6.420400 1.605100
8.025500 6.420400 4.815300
8.025500 6.420400 8.025500
8.025500 6.420400 11.235700
8.025500 6.420400 14.445900
8.025500 6.420400 17.656100
8.025500 6.420400 20.866300
8.025500 9.630600 1.605100
8.025500 9.630600 4.815300
8.025500 9.630600 8.025500
8.025500 9.630600 11.235700
8.025500 9.630600 14.445900
8.025500 9.630600 17.656100
8.025500 9.630600 20.866300
8.025500 12.840800 1.605100
8.025500 12.840800 4.815300
8.025500 12.840800 8.025500
8.025500 12.840800 11.235700
8.025500 12.840800 14.445900
8.025500 12.840800 17.656100
8.025500 12.840800 20.866300
8.025500 16.051000 1.605100
8.025500 16.051000 4.815300
8.025500 16.051000 8.025500
8.025500 16.051000 11.235700
8.025500 16.051000 14.445900
8.025500 16.051000 17.656100
8.025500 16.051000 20.866300
8.025500 19.261200 1.605100
8.025500 19.261200 4.815300
8.025500 19.261200 8.025500
8.025500 19.261200 11.235700
8.025500 19.261200 14.445900
8.025500 19.261200 17.656100
8.025500 19.261200 20.866300
8.025500 22.471400 1.605100
8.025500 22.471400 4.815300
8.025500 22.471400 8.025500
8.025500 22.471400 11.235700
8.025500 22.471400 14.445900
8.025500 22.471400 17.656100
8.025500 22.471400 20.866300
11.235700 0.000000 1.605100
11.235700 0.000000 4.815300
11.235700 0.000000 8.025500
11.235700 0.000000 11.235700
11.235700 0.000000 14.445900
11.235700 0.000000 17.656100
11.235700 0.000000 20.866300
11.235700 3.210200 1.605100
11.235700 3.210200 4.815300
11.235700 3.210200 8.025500
11.235700 3.210200 11.235700
11.235700 3.210200 14.445900
11.235700 3.210200 17.656100
11.235700 3.210200 20.866300
11.235700 6.420400 1.605100
11.235700 6.420400 4.815300
11.235700 6.420400 8.025500
11.235700 6.420400 11.235700
11.235700 6.420400 14.445900
11.235700 6.420400 17.656100
11.235700 6.420400 20.866300
11.235700 9.630600 1.605100
11.235700 9.630600 4.815300
11.235700 9.630600 8.025500
11.235700 9.630600 11.235700
11.235700 9.630600 14.445900
11.235700 9.630600 17.656100
11.235700 9.630600 20.866300
11.235700 12.840800 1.605100
11.235700 12.840800 4.815300
11.235700 12.840800 8.025500
11.235700 12.840800 11.235700
11.235700 12.840800 14.445900
11.235700 12.840800 17.656100
11.235700 12.840800 20.866300
11.235700 16.051000 1.605100
11.235700 16.051000 4.815300
11.235700 16.051000 8.025500
11.235700 16.051000 11.235700
11.235700 16.051000 14.445900
11.235700 16.051000 17.656100
11.235700 16.051000 20.866300
11.235700 19.261200 1.605100
11.235700 19.261200 4.815300
11.235700 19.261200 8.025500
11.235700 19.261200 11.235700
11.235700 19.261200 14.445900
11.235700 19.261200 17.656100
11.235700 19.261200 20.866300
11.235700 22.471400 1.605100
11.235700 22.471400 4.815300
11.235700 22.471400 8.025500
11.235700 22.471400 11.235700
11.235700 22.471400 14.445900
11.235700 22.471400 17.656100
11.235700 22.471400 20.866300
14.445900 0.000000 1.605100
14.445900 0.000000 4.815300
14.445900 0.000000 8.025500
14.445900 0.000000 11.235700
14.445900 0.000000 14.445900
14.445900 0.000000 17.656100
14.445900 0.000000 20.866300
14.445900 3.210200 1.605100
14.445900 3.210200 4.815300
14.445900 3.210200 8.025500
14.445900 3.210200 11.235700
14.445900 3.210200 14.445900
14.445900 3.210200 17.656100
14.445900 3.210200 20.866300
14.445900 6.420400 1.605100
14.445900 6.420400 4.815300
14.445900 6.420400 8.025500
14.445900 6.420400 11.235700
14.445900 6.420400 14.445900
14.445900 6.420400 17.656100
14.445900 6.420400 20.866300
14.445900 9.630600 1.605100
14.445900 9.630600 4.815300
14.445900 9.630600 8.025500
14.445900 9.630600 11.235700
14.445900 9.630600 14.445900
14.445900 9.630600 17.656100
14.445900 9.630600 20.866300
14.445900 12.840800 1.605100
14.445900 12.840800 4.815300
14.445900 12.840800 8.025500
14.445900 12.840800 11.235700
14.445900 12.840800 14.445900
14.445900 12.840800 17.656100
14.445900 12.840800 20.866300
14.445900 16.051000 1.605100
14.445900 16.051000 4.815300
14.445900 16.051000 8.025500
14.445900 16.051000 11.235700
14.445900 16.051000 14.445900
14.445900 16.051000 17.656100
14.445900 16.051000 20.866300
14.445900 19.261200 1.605100
14.445900 19.261200 4.815300
14.445900 19.261200 8.025500
14.445900 19.261200 11.235700
14.445900 19.261200 14.445900
14.445900 19.261200 17.656100
14.445900 19.261200 20.866300
14.445900 22.471400 1.605100
14.445900 22.471400 4.815300
14.445900 22.471400 8.025500
14.445900 22.471400 11.235700
14.445900 22.471400 14.445900
14.445900 22.471400 17.656100
14.445900 22.471400 20.866300
17.656100 0.000000 1.605100
17.656100 0.000000 4.815300
17.656100 0.000000 8.025500
17.656100 0.000000 11.235700
17.656100 0.000000 14.445900
17.656100 0.000000 17.656100
17.656100 0.000000 20.866300
17.656100 3.210200 1.605100
17.656100 3.210200 4.815300
17.656100 3.210200 8.025500
17.656100 3.210200 11.235700
17.656100 3.210200 14.445900
17.656100 3.210200 17.656100
17.656100 3.210200 20.866300
17.656100 6.420400 1.605100
17.656100 6.420400 4.815300
17.656100 6.420400 8.025500
17.656100 6.420400 11.235700
17.656100 6.420400 14.445900
17.656100 6.420400 17.656100
17.656100 6.420400 20.866300
17.656100 9.630600 1.605100
17.656100 9.630600 4.815300
17.656100 9.630600 8.025500
17.656100 9.630600 11.235700
17.656100 9.630600 14.445900
17.656100 9.630600 17.656100
17.656100 9.630600 20.866300
17.656100 12.840800 1.605100
17.656100 12.840800 4.815300
17.656100 12.840800 8.025500
17.656100 12.840800 11.235700
17.656100 12.840800 14.445900
17.656100 12.840800 17.656100
17.656100 12.840800 20.866300
17.656100 16.051000 1.605100
17.656100 16.051000 4.815300
17.656100 16.051000 8.025500
17.656100 16.051000 11.235700
17.656100 16.051000 14.445900
17.656100 16.051000 17.656100
17.656100 16.051000 20.866300
17.656100 19.261200 1.605100
17.656100 19.261200 4.815300
17.656100 19.261200 8.025500
17.656100 19.261200 11.235700
17.656100 19.261200 14.445900
17.656100 19.261200 17.656100
17.656100 19.261200 20.866300
17.656100 22.471400 1.605100
17.656100 22.471400 4.815300
17.656100 22.471400 8.025500
17.656100 22.471400 11.235700
17.656100 22.471400 14.445900
17.656100 22.471400 17.656100
17.656100 22.471400 20.866300
20.866300 0.000000 1.605100
20.866300 0.000000 4.815300
20.866300 0.000000 8.025500
20.866300 0.000000 11.235700
20.866300 0.000000 14.445900
20.866300 0.000000 17.656100
20.866300 0.000000 20.866300
20.866300 3.210200 1.605100
20.866300 3.210200 4.815300
20.866300 3.210200 8.025500
20.866300 3.210200 11.235700
20.866300 3.210200 14.445900
20.866300 3.210200 17.656100
20.866300 3.210200 20.866300
20.866300 6.420400 1.605100
20.866300 6.420400 4.815300
20.866300 6.420400 8.025500
20.866300 6.420400 11.235700
20.866300 6.420400 14.445900
20.866300 6.420400 17.656100
20.866300 6.420400 20.866300
20.866300 9.630600 1.605100
20.866300 9.630600 4.815300
20.866300 9.630600 8.025500
20.866300 9.630600 11.235700
20.866300 9.630600 14.445900
20.866300 9.630600 17.656100
20.866300 9.630600 20.866300
20.866300 12.840800 1.605100
20.866300 12.840800 4.815300
20.866300 12.840800 8.025500
20.866300 12.840800 11.235700
20.866300 12.840800 14.445900
20.866300 12.840800 17.656100
20.866300 12.840800 20.866300
20.866300 16.051000 1.605100
20.866300 16.051000 4.815300
20.866300 16.051000 8.025500
20.866300 16.051000 11.235700
20.866300 16.051000 14.445900
20.866300 16.051000 17.656100
20.866300 16.051000 20.866300
20.866300 19.261200 1.605100
20.866300 19.261200 4.815300
20.866300 19.261200 8.025500
20.866300 19.261200 11.235700
20.866300 19.261200 14.445900
20.866300 19.261200 17.656100
20.866300 19.261200 20.866300
20.866300 22.471400 1.605100
20.866300 22.471400 4.815300
20.866300 22.471400 8.025500
20.866300 22.471400 11.235700
20.866300 22.471400 14.445900
20.866300 22.471400 17.656100
20.866300 22.471400 20.866300
1.605100 1.605100 0.000000
1.605100 1.605100 3.210200
1.605100 1.605100 6.420400
1.605100 1.605100 9.630600
1.605100 1.605100 12.840800
1.605100 1.605100 16.051000
1.605100 1.605100 19.261200
1.605100 1.605100 22.471400
1.605100 4.815300 0.000000
1.605100 4.815300 3.210200
1.605100 4.815300 6.420400
1.605100 4.815300 9.630600
1.605100 4.815300 12.840800
1.605100 4.815300 16.051000
1.605100 4.815300 19.261200
1.605100 4.815300 22.471400
1.605100 8.025500 0.000000
1.605100 8.025500 3.210200
1.605100 8.025500 6.420400
1.605100 8.025500 9.630600
1.605100 8.025500 12.840800
1.605100 8.025500 16.051000
1.605100 8.025500 19.261200
1.605100 8.025500 22.471400
1.605100 11.235700 0.000000
1.605100 11.235700 3.210200
1.605100 11.235700 6.420400
1.605100 11.235700 9.630600
1.605100 11.235700 12.840800
1.605100 11.235700 16.051000
1.605100 11.235700 19.261200
1.605100 11.235700 22.471400
1.605100 14.445900 0.000000
1.605100 14.445900 3.210200
1.605100 14.445900 6.420400
1.605100 14.445900 9.630600
1.605100 14.445900 12.840800
1.605100 14.445900 16.051000
1.605100 14.445900 19.261200
1.605100 14.445900 22.471400
1.605100 17.656100 0.000000
1.605100 17.656100 3.210200
1.605100 17.656100 6.420400
1.605100 17.656100 9.630600
1.605100 17.656100 12.840800
1.605100 17.656100 16.051000
1.605100 17.656100 19.261200
1.605100 17.656100 22.471400
1.605100 20.866300 0.000000
1.605100 20.866300 3.210200
1.605100 20.866300 6.420400
1.605100 20.866300 9.630600
1.605100 20.866300 12.840800
1.605100 20.866300 16.051000
1.605100 20.866300 19.261200
1.605100 20.866300 22.471400
4.815300 1.605100 0.000000
4.815300 1.605100 3.210200
4.815300 1.605100 6.420400
4.815300 1.605100 9.630600
4.815300 1.605100 12.840800
4.815300 1.605100 16.051000
4.815300 1.605100 19.261200
4.815300 1.605100 22.471400
4.815300 4.815300 0.000000
4.815300 4.815300 3.210200
4.815300 4.815300 6.420400
4.815300 4.815300 9.630600
4.815300 4.815300 12.840800
4.815300 4.815300 16.051000
4.815300 4.815300 19.261200
4.815300 4.815300 22.471400
4.815300 8.025500 0.000000
4.815300 8.025500 3.210200
4.815300 8.025500 6.420400
4.815300 8.025500 9.630600
4.815300 8.025500 12.840800
4.815300 8.025500 16.051000
4.815300 8.025500 19.261200
4.815300 8.025500 22.471400
4.815300 11.235700 0.000000
4.815300 11.235700 3.210200
4.815300 11.235700 6.420400
4.815300 11.235700 9.630600
4.815300 11.235700 12.840800
4.815300 11.235700 16.051000
4.815300 11.235700 19.261200
4.815300 11.235700 22.471400
4.815300 14.445900 0.000000
4.815300 14.445900 3.210200
4.815300 14.445900 6.420400
4.815300 14.445900 9.630600
4.815300 14.445900 12.840800
4.815300 14.445900 16.051000
4.815300 14.445900 19.261200
4.815300 14.445900 22.471400
4.815300 17.656100 0.000000
4.815300 17.656100 3.210200
4.815300 17.656100 6.420400
4.815300 17.656100 9.630600
4.815300 17.656100 12.840800
4.815300 17.656100 16.051000
4.815300 17.656100 19.261200
4.815300 17.656100 22.471400
4.815300 20.866300 0.000000
4.815300 20.866300 3.210200
4.815300 20.866300 6.420400
4.815300 20.866300 9.630600
4.815300 20.866300 12.840800
4.815300 20.866300 16.051000
4.815300 20.866300 19.261200
4.815300 20.866300 22.471400
8.025500 1.605100 0.000000
8.025500 1.605100 3.210200
8.025500 1.605100 6.420400
8.025500 1.605100 9.630600
8.025500 1.605100 12.840800
8.025500 1.605100 16.051000
8.025500 1.605100 19.261200
8.025500 1.605100 22.471400
8.025500 4.815300 0.000000
8.025500 4.815300 3.210200
8.025500 4.815300 6.420400
8.025500 4.815300 9.630600
8.025500 4.815300 12.840800
8.025500 4.815300 16.051000
8.025500 4.815300 19.261200
8.025500 4.815300 22.471400
8.025500 8.025500 0.000000
8.025500 8.025500 3.210200
8.025500 8.025500 6.420400
8.025500 8.025500 9.630600
8.025500 8.025500 12.840800
8.025500 8.025500 16.051000
8.025500 8.025500 19.261200
8.025500 8.025500 22.471400
8.025500 11.235700 0.000000
8.025500 11.235700 3.210200
8.025500 11.235700 6.420400
8.025500 11.235700 9.630600
8.025500 11.235700 12.840800
8.025500 11.235700 16.051000
8.025500 11.235700 19.261200
8.025500 11.235700 22.471400
8.025500 14.445900 0.000000
8.025500 14.445900 3.210200
8.025500 14.445900 6.420400
8.025500 14.445900 9.630600
8.025500 14.445900 12.840800
8.025500 14.445900 16.051000
8.025500 14.445900 19.261200
8.025500 14.445900 22.471400
8.025500 17.656100 0.000000
8.025500 17.656100 3.210200
8.025500 17.656100 6.420400
8.025500 17.656100 9.630600
8.025500 17.656100 12.840800
8.025500 17.656100 16.051000
8.025500 17.656100 19.261200
8.025500 17.656100 22.471400
8.025500 20.866300 0.000000
8.025500 20.866300 3.210200
8.025500 20.866300 6.420400
8.025500 20.866300 9.630600
8.025500 20.866300 12.840800
8.025500 20.866300 16.051000
8.025500 20.866300 19.261200
8.025500 20.866300 22.471400
11.235700 1.605100 0.000000
11.235700 1.605100 3.210200
11.235700 1.605100 6.420400
11.235700 1.605100 9.630600
11.235700 1.605100 12.840800
11.235700 1.605100 16.051000
11.235700 1.605100 19.261200
11.235700 1.605100 22.471400
11.235700 4.815300 0.000000
11.235700 4.815300 3.210200
11.235700 4.815300 6.420400
11.235700 4.815300 9.630600
11.235700 4.815300 12.840800
11.235700 4.815300 16.051000
11.235700 4.815300 19.261200
11.235700 4.815300 22.471400
11.235700 8.025500 0.000000
11.235700 8.025500 3.210200
11.235700 8.025500 6.420400
11.235700 8.025500 9.630600
11.235700 8.025500 12.840800
11.235700 8.025500 16.051000
11.235700 8.025500 19.261200
11.235700 8.025500 22.471400
11.235700 11.235700 0.000000
11.235700 11.235700 3.210200
11.235700 11.235700 6.420400
11.235700 11.235700 9.630600
11.235700 11.235700 12.840800
11.235700 11.235700 16.051000
11.235700 11.235700 19.261200
11.235700 11.235700 22.471400
11.235700 14.445900 0.000000
11.235700 14.445900 3.210200
11.235700 14.445900 6.420400
11.235700 14.445900 9.630600
11.235700 14.445900 12.840800
11.235700 14.445900 16.051000
11.235700 14.445900 19.261200
11.235700 14.445900 22.471400
11.235700 17.656100 0.000000
11.235700 17.656100 3.210200
11.235700 17.656100 6.420400
11.235700 17.656100 9.630600
11.235700 17.656100 12.840800
11.235700 17.656100 16.051000
11.235700 17.656100 19.261200
11.235700 17.656100 22.471400
11.235700 20.866300 0.000000
11.235700 20.866300 3.210200
11.235700 20.866300 6.420400
11.235700 20.866300 9.630600
11.235700 20.866300 12.840800
11.235700 20.866300 16.051000
11.235700 20.866300 19.261200
11.235700 20.866300 22.471400
14.445900 1.605100 0.000000
14.445900 1.605100 3.210200
14.445900 1.605100 6.420400
14.445900 1.605100 9.630600
14.445900 1.605100 12.840800
14.445900 1.605100 16.051000
14.445900 1.605100 19.261200
14.445900 1.605100 22.471400
14.445900 4.815300 0.000000
14.445900 4.815300 3.210200
14.445900 4.815300 6.420400
14.445900 4.815300 9.630600
14.445900 4.815300 12.840800
14.445900 4.815300 16.051000
14.445900 4.815300 19.261200
14.445900 4.815300 22.471400
14.445900 8.025500 0.000000
14.445900 8.025500 3.210200
14.445900 8.025500 6.420400
14.445900 8.025500 9.630600
14.445900 8.025500 12.840800
14.445900 8.025500 16.051000
14.445900 8.025500 19.261200
14.445900 8.025500 22.471400
14.445900 11.235700 0.000000
14.445900 11.235700 3.210200
14.445900 11.235700 6.420400
14.445900 11.235700 9.630600
14.445900 11.235700 12.840800
14.445900 11.235700 16.051000
14.445900 11.235700 19.261200
14.445900 11.235700 22.471400
14.445900 14.445900 0.000000
14.445900 14.445900 3.210200
14.445900 14.445900 6.420400
14.445900 14.445900 9.630600
14.445900 14.445900 12.840800
14.445900 14.445900 16.051000
14.445900 14.445900 19.261200
14.445900 14.445900 22.471400
14.445900 17.656100 0.000000
14.445900 17.656100 3.210200
14.445900 17.656100 6.420400
14.445900 17.656100 9.630600
14.445900 17.656100 12.840800
14.445900 17.656100 16.051000
14.445900 17.656100 19.261200
14.445900 17.656100 22.471400
14.445900 20.866300 0.000000
14.445900 20.866300 3.210200
14.445900 20.866300 6.420400
14.445900 20.866300 9.630600
14.445900 20.866300 12.840800
14.445900 20.866300 16.051000
14.445900 20.866300 19.261200
14.445900 20.866300 22.471400
17.656100 1.605100 0.000000
17.656100 1.605100 3.210200
17.656100 1.605100 6.420400
17.656100 1.605100 9.630600
17.656100 1.605100 12.840800
17.656100 1.605100 16.051000
17.656100 1.605100 19.261200
17.656100 1.605100 22.471400
17.656100 4.815300 0.000000
17.656100 4.815300 3.210200
17.656100 4.815300 6.420400
17.656100 4.815300 9.630600
17.656100 4.815300 12.840800
17.656100 4.815300 16.051000
17.656100 4.815300 19.261200
17.656100 4.815300 22.471400
17.656100 8.025500 0.000000
17.656100 8.025500 3.210200
17.656100 8.025500 6.420400
17.656100 8.025500 9.630600
17.656100 8.025500 12.840800
17.656100 8.025500 16.051000
17.656100 8.025500 19.261200
17.656100 8.025500 22.471400
17.656100 11.235700 0.000000
17.656100 11.235700 3.210200
17.656100 11.235700 6.420400
17.656100 11.235700 9.630600
17.656100 11.235700 12.840800
17.656100 11.235700 16.051000
17.656100 11.235700 19.261200
17.656100 11.235700 22.471400
17.656100 14.445900 0.000000
17.656100 14.445900 3.210200
17.656100 14.445900 6.420400
17.656100 14.445900 9.630600
17.656100 14.445900 12.840800
17.656100 14.445900 16.051000
17.656100 14.445900 19.261200
17.656100 14.445900 22.471400
17.656100 17.656100 0.000000
17.656100 17.656100 3.210200
17.656100 17.656100 6.420400
17.656100 17.656100 9.630600
17.656100 17.656100 12.840800
17.656100 17.656100 16.051000
17.656100 17.656100 19.261200
17.656100 17.656100 22.471400
17.656100 20.866300 0.000000
17.656100 20.866300 3.210200
17.656100 20.866300 6.420400
17.656100 20.866300 9.630600
17.656100 20.866300 12.840800
17.656100 20.866300 16.051000
17.656100 20.866300 19.261200
17.656100 20.866300 22.471400
20.866300 1.605100 0.000000
20.866300 1.605100 3.210200
20.866300 1.605100 6.420400
20.866300 1.605100 9.630600
20.866300 1.605100 12.840800
20.866300 1.605100 16.051000
20.866300 1.605100 19.261200
20.866300 1.605100 22.471400
20.866300 4.815300 0.000000
20.866300 4.815300 3.210200
20.866300 4.815300 6.420400
20.866300 4.815300 9.630600
20.866300 4.815300 12.840800
20.866300 4.815300 16.051000
20.866300 4.815300 19.261200
20.866300 4.815300 22.471400
20.866300 8.025500 0.000000
20.866300 8.025500 3.210200
20.866300 8.025500 6.420400
20.866300 8.025500 9.630600
20.866300 8.025500 12.840800
20.866300 8.025500 16.051000
20.866300 8.025500 19.261200
20.866300 8.025500 22.471400
20.866300 11.235700 0.000000
20.866300 11.235700 3.210200
20.866300 11.235700 6.420400
20.866300 11.235700 9.630600
20.866300 11.235700 12.840800
20.866300 11.235700 16.051000
20.866300 11.235700 19.261200
20.866300 11.235700 22.471400
20.866300 14.445900 0.000000
20.866300 14.445900 3.210200
20.866300 14.445900 6.420400
20.866300 14.445900 9.630600
20.866300 14.445900 12.840800
20.866300 14.445900 16.051000
20.866300 14.445900 19.261200
20.866300 14.445900 22.471400
20.866300 17.656100 0.000000
20.866300 17.656100 3.210200
20.866300 17.656100 6.420400
20.866300 17.656100 9.630600
20.866300 17.656100 12.840800
20.866300 17.656100 16.051000
20.866300 17.656100 19.261200
20.866300 17.656100 22.471400
20.866300 20.866300 0.000000
20.866300 20.866300 3.210200
20.866300 20.866300 6.420400
20.866300 20.866300 9.630600
20.866300 20.866300 12.840800
20.866300 20.866300 16.051000
20.866300 20.866300 19.261200
20.866300 20.866300 22.471400
0.000000 1.605100 1.605100
0.000000 1.605100 4.815300
0.000000 1.605100 8.025500
0.000000 1.605100 11.235700
0.000000 1.605100 14.445900
0.000000 1.605100 17.656100
0.000000 1.605100 20.866300
0.000000 4.815300 1.605100
0.000000 4.815300 4.815300
0.000000 4.815300 8.025500
0.000000 4.815300 11.235700
0.000000 4.815300 14.445900
0.000000 4.815300 17.656100
0.000000 4.815300 20.866300
0.000000 8.025500 1.605100
0.000000 8.025500 4.815300
0.000000 8.025500 8.025500
0.000000 8.025500 11.235700
0.000000 8.025500 14.445900
0.000000 8.025500 17.656100
0.000000 8.025500 20.866300
0.000000 11.235700 1.605100
0.000000 11.235700 4.815300
0.000000 11.235700 8.025500
0.000000 11.235700 11.235700
0.000000 11.235700 14.445900
0.000000 11.235700 17.656100
0.000000 11.235700 20.866300
0.000000 14.445900 1.605100
0.000000 14.445900 4.815300
0.000000 14.445900 8.025500
0.000000 14.445900 11.235700
0.000000 14.445900 14.445900
0.000000 14.445900 17.656100
0.000000 14.445900 20.866300
0.000000 17.656100 1.605100
0.000000 17.656100 4.815300
0.000000 17.656100 8.025500
0.000000 17.656100 11.235700
0.000000 17.656100 14.445900
0.000000 17.656100 17.656100
0.000000 17.656100 20.866300
0.000000 20.866300 1.605100
0.000000 20.866300 4.815300
0.000000 20.866300 8.025500
0.000000 20.866300 11.235700
0.000000 20.866300 14.445900
0.000000 20.866300 17.656100
0.000000 20.866300 20.866300
3.210200 1.605100 1.605100
3.210200 1.605100 4.815300
3.210200 1.605100 8.025500
3.210200 1.605100 11.235700
3.210200 1.605100 14.445900
3.210200 1.605100 17.656100
3.210200 1.605100 20.866300
3.210200 4.815300 1.605100
3.210200 4.815300 4.815300
3.210200 4.815300 8.025500
3.210200 4.815300 11.235700
3.210200 4.815300 14.445900
3.210200 4.815300 17.656100
3.210200 4.815300 20.866300
3.210200 8.025500 1.605100
3.210200 8.025500 4.815300
3.210200 8.025500 8.025500
3.210200 8.025500 11.235700
3.210200 8.025500 14.445900
3.210200 8.025500 17.656100
3.210200 8.025500 20.866300
3.210200 11.235700 1.605100
3.210200 11.235700 4.815300
3.210200 11.235700 8.025500
3.210200 11.235700 11.235700
3.210200 11.235700 14.445900
3.210200 11.235700 17.656100
3.210200 11.235700 20.866300
3.210200 14.445900 1.605100
3.210200 14.445900 4.815300
3.210200 14.445900 8.025500
3.210200 14.445900 11.235700
3.210200 14.445900 14.445900
3.210200 14.445900 17.656100
3.210200 14.445900 20.866300
3.210200 17.656100 1.605100
3.210200 17.656100 4.815300
3.210200 17.656100 8.025500
3.210200 17.656100 11.235700
3.210200 17.656100 14.445900
3.210200 17.656100 17.656100
3.210200 17.656100 20.866300
3.210200 20.866300 1.605100
3.210200 20.866300 4.815300
3.210200 20.866300 8.025500
3.210200 20.866300 11.235700
3.210200 20.866300 14.445900
3.210200 20.866300 17.656100
3.210200 20.866300 20.866300
6.420400 1.605100 1.605100
6.420400 1.605100 4.815300
6.420400 1.605100 8.025500
6.420400 1.605100 11.235700
6.420400 1.605100 14.445900
6.420400 1.605100 17.656100
6.420400 1.605100 20.866300
6.420400 4.815300 1.605100
6.420400 4.815300 4.815300
6.420400 4.815300 8.025500
6.420400 4.815300 11.235700
6.420400 4.815300 14.445900
6.420400 4.815300 17.656100
6.420400 4.815300 20.866300
6.420400 8.025500 1.605100
6.420400 8.025500 4.815300
6.420400 8.025500 8.025500
6.420400 8.025500 11.235700
6.420400 8.025500 14.445900
6.420400 8.025500 17.656100
6.420400 8.025500 20.866300
6.420400 11.235700 1.605100
6.420400 11.235700 4.815300
6.420400 11.235700 8.025500
6.420400 11.235700 11.235700
6.420400 11.235700 14.445900
6.420400 11.235700 17.656100
6.420400 11.235700 20.866300
6.420400 14.445900 1.605100
6.420400 14.445900 4.815300
6.420400 14.445900 8.025500
6.420400 14.445900 11.235700
6.420400 14.445900 14.445900
6.420400 14.445900 17.656100
6.420400 14.445900 20.866300
6.420400 17.656100 1.605100
6.420400 17.656100 4.815300
6.420400 17.656100 8.025500
6.420400 17.656100 11.235700
6.420400 17.656100 14.445900
6.420400 17.656100 17.656100
6.420400 17.656100 20.866300
6.420400 20.866300 1.605100
6.420400 20.866300 4.815300
6.420400 20.866300 8.025500
6.420400 20.866300 11.235700
6.420400 20.866300 14.445900
6.420400 20.866300 17.656100
6.420400 20.866300 20.866300
9.630600 1.605100 1.605100
9.630600 1.605100 4.815300
9.630600 1.605100 8.025500
9.630600 1.605100 11.235700
9.630600 1.605100 14.445900
9.630600 1.605100 17.656100
9.630600 1.605100 20.866300
9.630600 4.815300 1.605100
9.630600 4.815300 4.815300
9.630600 4.815300 8.025500
9.630600 4.815300 11.235700
9.630600 4.815300 14.445900
9.630600 4.815300 17.656100
9.630600 4.815300 20.866300
9.630600 8.025500 1.605100
9.630600 8.025500 4.815300
9.630600 8.025500 8.025500
9.630600 8.025500 11.235700
9.630600 8.025500 14.445900
9.630600 8.025500 17.656100
9.630600 8.025500 20.866300
9.630600 11.235700 1.605100
9.630600 11.235700 4.815300
9.630600 11.235700 8.025500
9.630600 11.235700 11.235700
9.630600 11.235700 14.445900
9.630600 11.235700 17.656100
9.630600 11.235700 20.866300
9.630600 14.445900 1.605100
9.630600 14.445900 4.815300
9.630600 14.445900 8.025500
9.630600 14.445900 11.235700
9.630600 14.445900 14.445900
9.630600 14.445900 17.656100
9.630600 14.445900 20.866300
9.630600 17.656100 1.605100
9.630600 17.656100 4.815300
9.630600 17.656100 8.025500
9.630600 17.656100 11.235700
9.630600 17.656100 14.445900
9.630600 17.656100 17.656100
9.630600 17.656100 20.866300
9.630600 20.866300 1.605100
9.630600 20.866300 4.815300
9.630600 20.866300 8.025500
9.630600 20.866300 11.235700
9.630600 20.866300 14.445900
9.630600 20.866300 17.656100
9.630600 20.866300 20.866300
12.840800 1.605100 1.605100
12.840800 1.605100 4.815300
12.840800 1.605100 8.025500
12.840800 1.605100 11.235700
12.840800 1.605100 14.445900
12.840800 1.605100 17.656100
12.840800 1.605100 20.866300
12.840800 4.815300 1.605100
12.840800 4.815300 4.815300
12.840800 4.815300 8.025500
12.840800 4.815300 11.235700
12.840800 4.815300 14.445900
12.840800 4.815300 17.656100
12.840800 4.815300 20.866300
12.840800 8.025500 1.605100
12.840800 8.025500 4.815300
12.840800 8.025500 8.025500
12.840800 8.025500 11.235700
12.840800 8.025500 14.445900
12.840800 8.025500 17.656100
